94822,48525
1557,48525
1557,47341
2383,47341
2383,46107
2110,46107
2110,44867
1961,44867
1961,43734
2727,43734
2727,42467
2452,42467
2452,41283
2754,41283
2754,40077
2933,40077
2933,38872
3134,38872
3134,37713
3522,37713
3522,36439
3506,36439
3506,35262
3852,35262
3852,34252
4684,34252
4684,33262
5505,33262
5505,32101
5846,32101
5846,31022
6392,31022
6392,29688
6381,29688
6381,28480
6689,28480
6689,27621
7685,27621
7685,26247
7715,26247
7715,25643
9102,25643
9102,24398
9389,24398
9389,23514
10255,23514
10255,22573
11021,22573
11021,21166
11150,21166
11150,20538
12337,20538
12337,19792
13336,19792
13336,18451
13627,18451
13627,17941
14878,17941
14878,16560
15179,16560
15179,15977
16322,15977
16322,14917
16989,14917
16989,14500
18254,14500
18254,13050
18605,13050
18605,12768
19956,12768
19956,11585
20576,11585
20576,11164
21786,11164
21786,10359
22708,10359
22708,9858
23836,9858
23836,8777
24596,8777
24596,8258
25713,8258
25713,7978
26955,7978
26955,7540
28095,7540
28095,6507
28940,6507
28940,6682
30363,6682
30363,6251
31489,6251
31489,5782
32598,5782
32598,4548
33429,4548
33429,4750
34790,4750
34790,4015
35829,4015
35829,4049
37104,4049
37104,3690
38261,3690
38261,2708
39279,2708
39279,3314
40653,3314
40653,2568
41748,2568
41748,2300
42941,2300
42941,2002
44135,2002
44135,2479
45412,2479
45412,1845
46579,1845
46579,2346
47826,2346
47826,2049
49029,2049
49029,2462
50242,2462
50242,2326
51451,2326
51451,1711
52695,1711
52695,1956
53904,1956
53904,1808
55148,1808
55148,2309
56320,2309
56320,3006
57444,3006
57444,3165
58640,3165
58640,3456
59812,3456
59812,3478
61045,3478
61045,3412
62316,3412
62316,4049
63401,4049
63401,4368
64572,4368
64572,4266
65892,4266
65892,5403
66775,5403
66775,5880
67884,5880
67884,6132
69090,6132
69090,6792
70119,6792
70119,6784
71472,6784
71472,7784
72326,7784
72326,8026
73577,8026
73577,8876
74490,8876
74490,8978
75860,8978
75860,9930
76701,9930
76701,10352
77896,10352
77896,11232
78772,11232
78772,11817
79867,11817
79867,12626
80792,12626
80792,14062
81171,14062
81171,14424
82471,14424
82471,15055
83557,15055
83557,16158
84188,16158
84188,16772
85314,16772
85314,18188
85573,18188
85573,18598
86957,18598
86957,19899
87301,19899
87301,20942
87937,20942
87937,21902
88675,21902
88675,22692
89662,22692
89662,23972
89932,23972
89932,24741
90987,24741
90987,25832
91538,25832
91538,27127
91708,27127
91708,28094
92461,28094
92461,29086
93191,29086
93191,30203
93671,30203
93671,31293
94211,31293
94211,32525
94402,32525
94402,33715
94665,33715
94665,34739
95400,34739
95400,35775
96158,35775
96158,36914
96627,36914
96627,38153
96733,38153
96733,39465
96473,39465
96473,40509
97404,40509
97404,41858
96797,41858
96797,42955
97601,42955
97601,44214
97352,44214
97352,45389
97756,45389
97756,46601
97847,46601
97847,47809
98021,47809